      1/99     4.39G   0.03921   0.02314   0.02903   0.09138         7       640    0.3392    0.8432    0.6636    0.3468   0.02221   0.01244   0.01539
      2/99     4.39G   0.03763    0.0232   0.02405   0.08488        16       640    0.3732    0.8327    0.6181    0.3266    0.0233     0.013   0.01555
      3/99     4.39G   0.03473    0.0246   0.02451   0.08384         9       640    0.4109    0.8682    0.7048    0.4164   0.01952   0.01224   0.01364
      4/99     4.39G   0.02981   0.02336   0.02186   0.07504         8       640    0.4788    0.8784     0.781    0.5202   0.01587    0.0117   0.01235
      5/99     4.39G   0.02665    0.0226   0.01951   0.06877        10       640    0.4995    0.8858    0.7983    0.5511   0.01565   0.01148   0.01174
      6/99     4.39G    0.0254   0.02216   0.01852   0.06608        22       640    0.4904    0.8916    0.8134    0.5509   0.01494   0.01128   0.01119
      7/99     4.39G   0.02407   0.02137   0.01797   0.06341        22       640    0.5142    0.8978    0.8116    0.5861   0.01387   0.01124   0.01099
      8/99     4.39G   0.02354   0.02132    0.0176   0.06246         9       640    0.5324    0.8936    0.8255    0.6383   0.01353   0.01088   0.01093
      9/99     4.39G    0.0231   0.02109   0.01681     0.061        19       640     0.538    0.9023    0.8377    0.6209   0.01392   0.01092   0.01026
     10/99     4.39G   0.02234   0.02087     0.016   0.05922         4       640    0.5582    0.8977    0.8418    0.6538   0.01243   0.01057   0.00969
     11/99     4.39G   0.02157   0.02034   0.01534   0.05725         3       640    0.5504    0.9171     0.855    0.6462   0.01279   0.01074  0.009366
     12/99     4.39G   0.02139    0.0205   0.01496   0.05685        13       640    0.5597      0.91    0.8597     0.669   0.01193    0.0103  0.009498
     13/99     4.39G   0.02113   0.02001   0.01459   0.05573         4       640    0.5726    0.9122    0.8564    0.6749   0.01215   0.01059  0.009062
     14/99     4.39G   0.02046   0.01951   0.01391   0.05389        11       640    0.5755    0.9095    0.8513    0.6829   0.01121   0.01018  0.009337
     15/99     4.39G    0.0206   0.01964   0.01366    0.0539        20       640    0.5555    0.9111    0.8462     0.686   0.01199   0.01022   0.00904
     16/99     4.39G   0.01993   0.01931   0.01361   0.05286        11       640    0.5789    0.9004    0.8564    0.6914    0.0131   0.01034  0.009089
     17/99     4.39G   0.02028   0.01967   0.01409   0.05404        10       640    0.5781    0.9158    0.8653    0.6888   0.01128  0.009913  0.008646
     18/99     4.39G    0.0195   0.01895   0.01312   0.05157         6       640    0.5809    0.9139    0.8699    0.7096   0.01119  0.009709    0.0091
     19/99     4.39G   0.01927   0.01891   0.01286   0.05103         3       640    0.5725    0.9145    0.8666    0.7039   0.01084  0.009905  0.008676
     20/99     4.39G   0.01916   0.01902   0.01292    0.0511         5       640    0.5933    0.9071     0.869    0.7124   0.01091  0.009539  0.008891
     21/99     4.39G    0.0186   0.01888    0.0128   0.05028        14       640    0.5937    0.9091    0.8719    0.7138   0.01022  0.009667   0.00862
     22/99     4.39G   0.01854   0.01858   0.01209   0.04921        12       640    0.6234    0.8986    0.8668    0.7095   0.01052   0.00959   0.00859
     23/99     4.39G   0.01844   0.01851   0.01191   0.04886         5       640    0.5975    0.9071    0.8665       0.7   0.01097  0.009744  0.008388
     24/99     4.39G   0.01846   0.01841   0.01208   0.04896        10       640    0.6146    0.9027    0.8632    0.7036   0.01108  0.009879  0.008294
     25/99     4.39G   0.01812   0.01854   0.01181   0.04846         4       640    0.6101    0.9049    0.8667    0.7038   0.01019   0.00958  0.008645
     26/99     4.39G   0.01769   0.01809   0.01142   0.04719        19       640    0.6469    0.8952    0.8729    0.7225   0.01089   0.00946  0.008309
     27/99     4.39G   0.01788   0.01801   0.01118   0.04707        11       640    0.6212    0.9005    0.8694    0.7179   0.01001  0.009334   0.00848
     28/99     4.39G   0.01791   0.01802   0.01137   0.04731         8       640    0.6242    0.9056    0.8786    0.7172   0.01088   0.00953  0.008082
     29/99     4.39G   0.01731   0.01776   0.01108   0.04615        11       640    0.6435    0.9035     0.877    0.7404  0.009876  0.009266  0.008138
     30/99     4.39G    0.0169   0.01769   0.01105   0.04564        10       640    0.6551    0.8994    0.8814    0.7443  0.009743  0.009233  0.008297
     31/99     4.39G   0.01724    0.0179   0.01114   0.04628         8       640    0.6311    0.9033    0.8822     0.745    0.0095  0.009068   0.00826
     32/99     4.39G   0.01678   0.01743    0.0109   0.04511         9       640    0.6433    0.8952    0.8808    0.7367  0.009718  0.009202  0.008284
     33/99     4.39G   0.01681   0.01752   0.01083   0.04516         9       640    0.6311    0.9066    0.8783    0.7415   0.00967  0.009004  0.008025
     34/99     4.39G   0.01672   0.01739   0.01101   0.04512        11       640    0.6371    0.9076    0.8797    0.7451  0.009423  0.009196  0.008011
     35/99     4.39G   0.01666   0.01764   0.01068   0.04498        10       640    0.6175     0.917    0.8827    0.7277   0.00981  0.009304  0.007838
     36/99     4.39G   0.01645    0.0171   0.01018   0.04373        10       640    0.6511     0.911     0.888    0.7466  0.009367  0.008915  0.007991
     37/99     4.39G   0.01628   0.01682   0.01014   0.04323         7       640     0.668    0.9033    0.8875    0.7542  0.009475   0.00918   0.00766
     38/99     4.39G   0.01594    0.0169  0.009874   0.04271         9       640     0.649    0.9102    0.8915    0.7508  0.009298  0.008962  0.007787
     39/99     4.39G   0.01605    0.0167   0.01003   0.04278        12       640    0.6545    0.9114    0.8856    0.7472  0.009705  0.009223  0.007734
     40/99     4.39G   0.01611   0.01698   0.00975   0.04284        10       640    0.6617    0.9109     0.885    0.7543    0.0093  0.009019  0.007765
     41/99     4.39G   0.01623   0.01701   0.01035   0.04358        18       640    0.6709    0.9056    0.8859    0.7567  0.009223  0.008805   0.00804
     42/99     4.39G   0.01586    0.0167  0.009847   0.04241         3       640     0.656    0.9093    0.8833    0.7571  0.009007  0.008996  0.007691
     43/99     4.39G   0.01566   0.01649  0.009486   0.04164         8       640    0.6797    0.9009    0.8877    0.7648  0.008813  0.008986  0.007816
     44/99     4.39G   0.01558   0.01663  0.009745   0.04196        14       640     0.653    0.9114    0.8874    0.7627  0.008597  0.008837   0.00781
     45/99     4.39G   0.01531   0.01646  0.009515   0.04128        12       640    0.6631    0.9081    0.8873    0.7584   0.00879  0.008922   0.00776
     46/99     4.39G   0.01487   0.01639  0.009024   0.04029        12       640    0.6718    0.8938    0.8804     0.754  0.008754  0.009078  0.008101
     47/99     4.39G   0.01503    0.0161   0.00917    0.0403         9       640    0.6736    0.9086    0.8849    0.7581  0.008801  0.008961  0.007678
     48/99     4.39G   0.01489   0.01595  0.008628   0.03946        19       640     0.676    0.8991    0.8829    0.7622  0.008702  0.009021  0.008053
     49/99     4.39G   0.01482   0.01569  0.008983   0.03949         8       640    0.6763    0.8963     0.884    0.7597  0.008784  0.009233  0.007882
     50/99     4.39G   0.01475   0.01593  0.008712    0.0394        11       640    0.6756    0.9016    0.8845     0.761  0.008594  0.008998  0.007757
     51/99     4.39G   0.01476   0.01576  0.008745   0.03926         4       640    0.6679    0.9067    0.8848    0.7645  0.008621   0.00904  0.007801
     52/99     4.39G   0.01445   0.01552  0.008552   0.03853        12       640    0.6757    0.9092    0.8875    0.7659  0.008645  0.008968  0.007734
     53/99     4.39G   0.01441   0.01573  0.008323   0.03846        11       640    0.6886    0.8981     0.891    0.7679  0.008494   0.00901  0.007723
     54/99     4.39G   0.01429   0.01557  0.008413   0.03827         7       640    0.6986    0.8989    0.8928    0.7696  0.008549  0.008883  0.007686
     55/99     4.39G   0.01417   0.01536  0.008094   0.03762         4       640    0.6882    0.8974    0.8885    0.7681  0.008743  0.009034  0.008126
     56/99     4.39G   0.01392   0.01524  0.008031   0.03719        14       640    0.7008    0.9005    0.8933    0.7722  0.008639  0.008923   0.00784
     57/99     4.39G   0.01373   0.01502  0.007858    0.0366        14       640    0.7109    0.8912    0.8891    0.7708  0.008471  0.008941  0.007887
     58/99     4.39G     0.014   0.01508  0.007932   0.03702        18       640    0.7007    0.9016    0.8945      0.78  0.008314  0.008762  0.007781
     59/99     4.39G   0.01366   0.01471  0.007989   0.03636        12       640    0.7103    0.8968     0.893    0.7734  0.008377  0.008918  0.007788
     60/99     4.39G   0.01374   0.01489  0.007844   0.03648         9       640    0.7056    0.8987    0.8928    0.7763  0.008341  0.008922  0.007707
     61/99     4.39G   0.01348    0.0148  0.007627   0.03591        10       640    0.7166    0.8967    0.8927    0.7731  0.008463  0.008973   0.00788
     62/99     4.39G   0.01346   0.01482  0.007722     0.036        17       640    0.7129    0.8939    0.8916    0.7746   0.00836  0.009039  0.007862
     63/99     4.39G   0.01321   0.01462   0.00742   0.03524        17       640    0.7126    0.8875    0.8924    0.7743  0.008353  0.009004  0.007858
     64/99     4.39G   0.01327   0.01453  0.007623   0.03543         5       640    0.7116    0.8954    0.8914    0.7735  0.008395  0.009182  0.007859
     65/99     4.39G   0.01308   0.01446  0.007471   0.03501        16       640    0.7078    0.8926     0.892     0.774  0.008402  0.009104  0.007896
     66/99     4.39G   0.01297   0.01414  0.007175   0.03429        10       640     0.721    0.8925    0.8915    0.7747  0.008318  0.009068   0.00775
     67/99     4.39G   0.01273   0.01417  0.007326   0.03423        16       640    0.7157     0.893    0.8897    0.7746  0.008298  0.009203  0.007747
     68/99     4.39G   0.01265   0.01418  0.007157   0.03398         4       640    0.7132    0.8932    0.8864    0.7719  0.008276   0.00914   0.00785
     69/99     4.39G   0.01283   0.01415  0.007115    0.0341         7       640    0.7147    0.8953    0.8848    0.7699  0.008314  0.009275  0.007826
     70/99     4.39G    0.0125   0.01407  0.007023   0.03359        15       640    0.7178    0.8898    0.8894    0.7738  0.008346  0.009175  0.008021
     71/99     4.39G   0.01256   0.01405  0.006779   0.03339         6       640    0.7312    0.8821    0.8887    0.7741  0.008291   0.00921  0.007943
     72/99     4.39G   0.01236   0.01375  0.006827   0.03294        15       640    0.7274    0.8821    0.8895     0.774  0.008318  0.009246  0.007977
     73/99     4.39G   0.01228   0.01399  0.006747   0.03301         8       640    0.7291    0.8858    0.8898     0.774  0.008254  0.009173  0.007972
     74/99     4.39G   0.01215   0.01376  0.006604   0.03251        11       640    0.7373    0.8876    0.8893    0.7732  0.008284   0.00927  0.008018
     75/99     4.39G     0.012   0.01336  0.006345   0.03171        12       640    0.7359    0.8854    0.8892    0.7742   0.00832  0.009209  0.008148
     76/99     4.39G   0.01206   0.01363  0.006586   0.03228        16       640    0.7354     0.884    0.8909    0.7749  0.008331  0.009252  0.008132
     77/99     4.39G   0.01178   0.01344   0.00638    0.0316        12       640    0.7373    0.8841    0.8909    0.7762  0.008339  0.009331  0.008084
     78/99     4.39G    0.0119   0.01334  0.006394   0.03164         8       640    0.7416    0.8832    0.8913    0.7778  0.008367  0.009414  0.008059
     79/99     4.39G   0.01175   0.01309  0.006308   0.03115        10       640    0.7466    0.8823    0.8916    0.7779  0.008319  0.009365  0.008095
     80/99     4.39G   0.01176   0.01316  0.006205   0.03113        12       640     0.749    0.8827    0.8903    0.7766  0.008331  0.009479  0.008081
     81/99     4.39G   0.01157    0.0132  0.006219   0.03099        10       640    0.7443    0.8837    0.8893    0.7752  0.008293  0.009524  0.008111
     82/99     4.39G    0.0114   0.01277  0.006193   0.03037         5       640    0.7393    0.8843    0.8897    0.7748  0.008329  0.009502  0.008103
     83/99     4.39G   0.01141   0.01278  0.006161   0.03035         5       640    0.7409    0.8841    0.8895     0.775  0.008369  0.009502  0.008118
     84/99     4.39G   0.01141   0.01294  0.006156    0.0305        10       640    0.7412    0.8845    0.8878    0.7747  0.008366  0.009501  0.008236
     85/99     4.39G   0.01127   0.01287   0.00614   0.03027         9       640    0.7455    0.8842    0.8892    0.7752  0.008353  0.009504  0.008109
     86/99     4.39G   0.01109    0.0126  0.005774   0.02946        20       640     0.747    0.8806    0.8885    0.7754   0.00837  0.009536  0.008133
     87/99     4.39G   0.01119   0.01284  0.006006   0.03003        11       640    0.7485    0.8819    0.8885    0.7761  0.008341  0.009511  0.008139
     88/99     4.39G   0.01115   0.01262  0.005679   0.02944        11       640    0.7498    0.8794    0.8865    0.7749  0.008379  0.009625  0.008152
     89/99     4.39G   0.01099   0.01267  0.005651    0.0293         8       640    0.7479    0.8772    0.8872    0.7752  0.008361  0.009583  0.008173
     90/99     4.39G    0.0109   0.01241  0.005751   0.02906         5       640    0.7527     0.876    0.8865    0.7758  0.008356  0.009605  0.008218
     91/99     4.39G   0.01088   0.01258  0.005471   0.02893        12       640    0.7516    0.8774    0.8865    0.7755  0.008357  0.009622  0.008215
     92/99     4.39G   0.01076   0.01228  0.005747   0.02878        13       640    0.7479     0.878    0.8861    0.7752  0.008358  0.009633  0.008255
     93/99     4.39G    0.0108   0.01232   0.00559   0.02871        11       640    0.7492    0.8786    0.8858    0.7744  0.008319  0.009623  0.008287
     94/99     4.39G   0.01064    0.0123  0.005269   0.02821         8       640    0.7502    0.8795    0.8862    0.7741  0.008329  0.009619  0.008331
     95/99     4.39G   0.01064   0.01227  0.005179   0.02809        17       640    0.7478    0.8761    0.8854    0.7738  0.008323  0.009685   0.00828
     96/99     4.39G   0.01066   0.01227  0.005523   0.02846        15       640    0.7464    0.8721    0.8848    0.7738  0.008333  0.009726  0.008327
     97/99     4.39G   0.01076   0.01242  0.005732   0.02891         4       640    0.7445    0.8735    0.8845    0.7729  0.008338  0.009749  0.008307
     98/99     4.39G   0.01064   0.01225  0.005526   0.02842         6       640    0.7455    0.8733    0.8852    0.7731  0.008349  0.009776  0.008286
     99/99     4.39G   0.01053   0.01204   0.00543   0.02799         4       640    0.7457    0.8735    0.8852     0.774  0.008346  0.009778  0.008231
